seg_id	tsp	avg_aadt	ln_aadt	Streetname	Oneway	num_lane	len_ft	len	ln_len	median_per	median	bus_routes	maj_freq	sec_freq	signals	sig_den
0	0	6839	8.830396801	E  BURNSIDE ST	0	2	3165.550642	0.599536106	-0.511599079	0	0	2	0	10	2	3.34
2	0	17435	9.766234959	E  BURNSIDE ST	0	4	1073.87252	0.203384947	-1.592654805	0	0	2	0	10	1	4.92
3	0	6839	8.830396801	E  BURNSIDE ST	0	4	1845.778031	0.349579173	-1.051025212	0	0	2	0	10	1	2.86
4	0	16814	9.729967152	E  BURNSIDE ST	0	4	1825.830837	0.345801295	-1.061890961	0	0	2	0	10	2	5.78
5	0	15227	9.630825447	E  BURNSIDE ST	0	4	2235.602032	0.423409476	-0.85941554	0	0	2	0	10	2	4.72
7	0	2049	7.625107148	N  ALASKA ST	0	2	1686.449867	0.319403384	-1.141300449	0	0	2	10	0	1	3.13
8	0	5255	8.566935283	N  ALBINA AVE	0	2	7958.080736	1.507212261	0.41026176	0	0	4	26	0	3	1.99
10	0	2771	7.926963545	N  CHAUTAUQUA BLVD	0	2	1879.381128	0.355943395	-1.032983562	0	0	4	18	0	1	2.81
12	0	12737	9.452266423	N  COLUMBIA BLVD	0	4	2186.767847	0.414160577	-0.881501513	0	0	4	18	0	1	2.41
15	0	8598	9.059284897	N  DENVER AVE	0	2	1543.435448	0.29231732	-1.229915355	0	0	4	10	20	1	3.42
16	0	11882	9.382779929	N  FESSENDEN ST	0	2	4163.121507	0.788469982	-0.237660943	0	0	4	10	20	1	1.27
17	0	3998	8.293549515	N  FESSENDEN ST	0	2	1586.213949	0.300419309	-1.202576085	0	0	4	10	20	1	3.33
18	0	1767	7.477038472	N  FESSENDEN ST	0	2	1041.385696	0.197232139	-1.623373871	0	0	2	10	0	1	5.07
19	0	1476	7.297091005	N  FISKE AVE	0	2	1119.621922	0.212049606	-1.550935039	0	0	2	10	0	1	4.72
20	0	4245	8.353497099	N  FREMONT ST	0	2	1954.099822	0.370094663	-0.993996459	0	0	2	10	0	1	2.70
21	0	6738	8.815518424	N  GREELEY AVE	0	2	2264.090143	0.428804951	-0.846753122	0	0	2	8	0	1	2.33
22	0	27271	10.21357915	N  GREELEY AVE	0	4	4194.640323	0.794439455	-0.230118501	0	0	4	8	6	1	1.26
23	0	13401	9.50308461	N  IVANHOE ST	0	2	1394.34914	0.264081277	-1.331498357	0	0	2	5	4	2	7.57
24	0	1758	7.471932078	N  KILPATRICK ST	0	2	1544.189609	0.292460153	-1.22942685	0	0	4	10	20	2	6.84
26	0	10924	9.298717483	N  LOMBARD ST	0	2	5926.375433	1.12241959	0.115486703	0	0	10	20	24	4	3.56
27	0	16136	9.68880808	N  LOMBARD ST	0	2	3440.136806	0.651541062	-0.428414858	0	0	4	10	6	3	4.60
28	0	20274	9.917094556	N  LOMBARD ST	0	2	14329.49718	2.71391992	0.998394055	0.003797468	0	6	18	6	15	5.53
29	0	22992	10.04290161	N  LOMBARD ST	0	2	2046.605052	0.387614593	-0.947743749	0	0	2	0	20	2	5.16
30	0	6975	8.850087607	N  LOMBARD ST	0	2	8229.971912	1.558706801	0.443856504	0	0	2	0	8	2	1.28
34	0	14055	9.550733483	N  MARINE DR	0	4	3606.439807	0.683037842	-0.381205015	0	0	2	0	8	1	1.46
36	0	4975	8.51218065	N  MISSISSIPPI AVE	0	2	2990.11365	0.566309403	-0.568614701	0.008333333	0	2	10	0	1	1.77
37	0	4474	8.406038142	N  PENINSULAR AVE	0	2	2276.649145	0.43118355	-0.841221409	0	0	4	18	0	1	2.32
38	0	4788	8.473868067	N  PORTSMOUTH AVE	0	2	1086.141397	0.205708598	-1.581294685	0.008403361	0	4	18	0	1	4.86
41	0	5315	8.578288291	N  RICHMOND AVE	0	2	1227.457039	0.232472924	-1.458981516	0	0	4	18	0	2	8.60
44	0	11122	9.316680408	N  ROSA PARKS WAY	0	2	1522.878134	0.288423889	-1.243324044	0	0	2	0	8	1	3.47
45	0	11065	9.311542252	N  ROSA PARKS WAY	0	2	1256.993762	0.238067	-1.435203131	0	0	2	0	8	1	4.20
46	0	11556	9.354960062	N  ST. LOUIS AVE	0	2	2450.909226	0.464187353	-0.767467029	0	0	2	10	0	1	2.15
47	0	835	6.727431725	N  SYRACUSE ST	0	2	1053.266858	0.199482359	-1.612029471	0	0	2	10	0	1	5.01
48	0	1637	7.400620577	N  TRENTON ST	0	2	1340.321133	0.253848699	-1.371016861	0	0	2	10	0	1	3.94
49	0	5938	8.689127655	N  VANCOUVER AVE	1	1	3488.590949	0.660717983	-0.414428183	0	0	2	10	0	2	3.03
50	0	4776	8.471358655	N  VANCOUVER AVE	1	1	1599.367954	0.302910597	-1.194317576	0.166666667	0	1	5	0	1	3.30
51	0	5263	8.568456485	N  VANCOUVER AVE	0	2	4139.579575	0.784011283	-0.243331867	0	0	4	16	20	4	5.10
52	0	11024	9.307829993	N  VANCOUVER AVE	1	2	1004.306747	0.190209611	-1.659628598	0	0	1	5	0	2	10.51
53	0	6338	8.75431854	N  VANCOUVER AVE	1	2	1016.051342	0.192433966	-1.648002216	0	0	1	5	0	1	5.20
54	0	7717	8.951180966	N  VANCOUVER WAY	0	2	2759.694181	0.522669352	-0.648806228	0	0	1	5	0	1	1.91
56	0	7464	8.917846743	N  WILLAMETTE BLVD	0	2	3012.79804	0.570605689	-0.561056869	0	0	3	0	12	1	1.75
57	0	17241	9.755045547	N  WILLAMETTE BLVD	0	2	6987.324418	1.323356897	0.280171612	0.003984064	0	3	0	12	1	0.76
58	0	11057	9.310818991	N  WILLAMETTE BLVD	0	2	1595.574209	0.302192085	-1.196692421	0	0	3	0	12	1	3.31
60	0	11670	9.364776725	N  WILLAMETTE BLVD	0	2	1125.28905	0.213122926	-1.545886161	0.01	0	1	4	0	1	4.69
61	0	6917	8.841737429	N  WILLIAMS AVE	1	2	3408.630473	0.645573953	-0.437615508	0	0	1	4	0	3	4.65
62	0	8496	9.047350743	N  WILLIAMS AVE	1	2	3784.378127	0.716738282	-0.333044524	0.002645503	0	1	5	0	2	2.79
63	0	3610	8.191463051	N  WILLIS BLVD	0	2	3750.246138	0.71027389	-0.342104623	0	0	2	8	0	1	1.41
64	0	4432	8.396606228	N  WILLIS BLVD	0	2	2704.967586	0.512304467	-0.668836169	0	0	4	18	0	1	1.95
65	0	17543	9.772410289	NE  102ND AVE	0	4	3144.908124	0.595626539	-0.518141421	0	0	4	0	26	1	1.68
67	0	22350	10.0145816	NE  102ND AVE	0	5	1276.088454	0.241683419	-1.420126594	0	0	4	10	6	2	8.28
68	0	18867	9.845169643	NE  102ND AVE	0	5	1288.87691	0.244105475	-1.410154871	0.002141328	0	2	0	18	2	8.19
69	0	6710	8.81135423	NE  105TH AVE	0	2	2693.706866	0.510171755	-0.673007836	0.152173913	0	2	0	6	2	3.92
70	0	1916	7.557994959	NE  111TH AVE	0	2	2419.58556	0.458254841	-0.780329828	0	0	2	0	6	2	4.36
71	0	1346	7.20489251	NE  111TH DR	0	2	1087.37661	0.20594254	-1.580158082	0	0	2	0	6	2	9.71
72	0	28474	10.25674667	NE  122ND AVE	0	2	1206.988306	0.22859627	-1.475797844	0	0	4	10	6	1	4.37
74	0	26285	10.17675371	NE  122ND AVE	0	4	2053.069584	0.388838936	-0.944590066	0.066079295	0	4	10	8	2	5.14
77	0	2201	7.696667082	NE  132ND AVE	0	2	2149.595719	0.407120401	-0.898646311	0	0	2	0	6	1	2.46
78	0	2939	7.985824666	NE  141ST DR	0	2	1214.331355	0.229986999	-1.469732497	0	0	3	0	12	1	4.35
81	0	2892	7.969703583	NE  15TH AVE	0	2	3416.049372	0.646979048	-0.435441369	0.010638298	0	4	10	20	2	3.09
82	0	5710	8.649974303	NE  15TH AVE	0	2	4859.378517	0.92033684	-0.083015545	0	0	4	16	20	3	3.26
83	0	8295	9.023408203	NE  15TH AVE	0	2	5780.463585	1.09478477	0.090557787	0	0	6	10	30	6	5.48
84	0	1540	7.339537695	NE  21ST AVE	0	2	1618.996547	0.306628134	-1.182119556	0	0	2	0	16	1	3.26
86	0	1597	7.375882148	NE  27TH AVE	0	2	3565.78177	0.675337456	-0.392542777	0	0	4	10	10	1	1.48
89	0	9930	9.203315757	NE  33RD AVE	0	2	2507.245584	0.474857118	-0.744741324	0	0	2	0	16	1	2.11
90	0	14370	9.572897979	NE  33RD AVE	0	2	4583.70018	0.868125034	-0.141419526	0.003154574	0	2	0	16	3	3.46
91	0	20103	9.908624337	NE  33RD AVE	0	2	3384.317713	0.640969264	-0.444773774	0	0	2	0	16	2	3.12
92	0	9850	9.195226734	NE  33RD DR	0	2	6022.548462	1.140634178	0.131584405	0	0	2	0	16	2	1.75
94	0	6709	8.811205188	NE  41ST AVE	0	2	1012.058122	0.191677675	-1.651940096	0	0	2	10	0	3	15.65
95	0	5192	8.554874258	NE  42ND AVE	0	2	2195.252006	0.415767425	-0.877629249	0	0	3	15	0	3	7.22
96	0	8821	9.084890521	NE  42ND AVE	0	2	4243.503427	0.803693831	-0.21853689	0	0	2	10	0	2	2.49
97	0	6588	8.793005091	NE  42ND AVE	0	2	2625.226166	0.497201925	-0.698759047	0	0	2	10	0	2	4.02
98	0	8653	9.065661361	NE  57TH AVE	0	2	1432.070098	0.271225397	-1.304805079	0	0	2	10	0	2	7.37
99	0	11406	9.341894812	NE  57TH AVE	0	2	1441.552312	0.273021271	-1.29820557	0	0	2	10	0	2	7.33
100	0	9697	9.179571838	NE  57TH AVE	0	2	1622.04968	0.307206379	-1.180235513	0	0	2	10	0	2	6.51
101	0	8720	9.073374517	NE  60TH AVE	0	2	1550.113705	0.293582141	-1.225597811	0.235849057	0	2	10	0	2	6.81
102	0	9305	9.138307169	NE  60TH AVE	0	2	1269.460833	0.240428188	-1.425333829	0	0	2	10	0	2	8.32
103	0	3285	8.097121931	NE  6TH DR	0	2	2457.645774	0.465463215	-0.764722208	0	0	3	0	12	2	4.30
104	0	3493	8.158516245	NE  92ND AVE	0	2	2372.322502	0.449303504	-0.800056664	0	0	3	0	12	2	4.45
105	0	6654	8.802973457	NE  92ND AVE	0	2	2223.116122	0.42104472	-0.865016228	0	0	3	0	12	1	2.38
107	0	11578	9.356862025	NE  AIRPORT WAY	0	4	1945.52832	0.368471273	-0.998392528	0	0	2	0	6	1	2.71
109	0	20930	9.948938815	NE  AIRPORT WAY	0	4	2404.641866	0.455424596	-0.786525118	0	0	2	0	6	1	2.20
110	0	18672	9.834780355	NE  AIRPORT WAY	0	4	2001.881065	0.379144141	-0.969838827	0.041666667	0	2	0	6	1	2.64
112	0	17552	9.772923183	NE  AIRPORT WAY	0	5	1580.448679	0.299327401	-1.206217317	0.044444444	0	2	0	6	1	3.34
114	0	33974	10.43335081	NE  BROADWAY	1	4	1253.700615	0.237443298	-1.437826428	0.026812314	0	1	0	5	3	12.63
116	0	21770	9.988288154	NE  CESAR E CHAVEZ BLVD	0	4	1172.916352	0.222143249	-1.504432841	0.004761905	0	4	10	6	1	4.50
118	0	28158	10.24558679	NE  COLUMBIA BLVD	0	4	2799.278991	0.530166476	-0.634564217	0	0	3	15	0	1	1.89
120	0	5428	8.599326021	NE  DEKUM ST	0	2	1169.261251	0.221450995	-1.507553958	0.106382979	0	5	10	30	1	4.52
121	0	3343	8.114623886	NE  DEKUM ST	0	2	3023.262174	0.572587533	-0.557589659	0	0	2	10	0	1	1.75
122	0	2458	7.80710329	NE  DEKUM ST	0	2	1884.609947	0.356933702	-1.030205223	0	0	2	10	0	1	2.80
123	0	2038	7.619724214	NE  FREMONT ST	0	2	2701.237996	0.511598105	-0.670215913	0	0	1	0	4	1	1.95
124	0	12565	9.43867045	NE  FREMONT ST	0	2	2067.252061	0.391525011	-0.937705879	0	0	1	0	4	1	2.55
125	0	9261	9.133567313	NE  FREMONT ST	0	2	1811.903942	0.343163625	-1.069547904	0	0	2	0	10	3	8.74
126	0	11845	9.379661117	NE  FREMONT ST	0	2	4967.762577	0.940864124	-0.060956545	0	0	2	10	0	1	1.06
127	0	10224	9.232493177	NE  FREMONT ST	0	2	3384.55244	0.64101372	-0.444704419	0	0	2	10	0	1	1.56
129	0	6708	8.811056123	NE  FREMONT ST	0	2	2537.168217	0.480524283	-0.732877514	0	0	2	10	0	1	2.08
131	0	15411	9.642836819	NE  GLISAN ST	0	2	1047.821934	0.198451124	-1.617212437	0	0	2	10	0	1	5.04
132	0	27311	10.21504483	NE  GLISAN ST	0	4	4250.849939	0.805085216	-0.216807149	0	0	2	0	2	1	1.24
134	0	20465	9.926471389	NE  GLISAN ST	0	4	2471.772966	0.468138819	-0.758990405	0	0	2	0	2	1	2.14
137	0	26444	10.18278457	NE  GLISAN ST	0	5	1319.429829	0.249892013	-1.386726402	0.001788909	0	4	10	2	1	4.00
139	0	19591	9.882825556	NE  GLISAN ST	0	5	1680.681467	0.318310884	-1.144726751	0	0	4	10	2	1	3.14
140	0	22260	10.01054662	NE  GRAND AVE	1	4	1806.89759	0.342215453	-1.072314762	0	0	15	20	64	6	17.53
141	0	16087	9.685766771	NE  HALSEY ST	1	2	3154.226811	0.597391442	-0.515182699	0	0	1	5	0	1	1.67
143	0	15845	9.670609272	NE  HALSEY ST	0	4	2730.922036	0.517220083	-0.659286803	0	0	2	10	0	1	1.93
144	0	21160	9.959867886	NE  HALSEY ST	0	4	1685.103322	0.319148356	-1.142099217	0	0	2	10	0	1	3.13
145	0	20465	9.926471389	NE  HALSEY ST	0	4	3801.414092	0.71996479	-0.328552971	0	0	2	10	0	1	1.39
146	0	13185	9.486835099	NE  HALSEY ST	0	4	4358.398186	0.825454202	-0.191821496	0	0	4	20	0	3	3.63
147	0	13004	9.473012281	NE  HALSEY ST	0	4	2525.175561	0.478252947	-0.737615508	0.092307692	0	2	10	0	1	2.09
148	0	30661	10.33074677	NE  HALSEY ST	0	6	1794.592867	0.339885013	-1.079147916	0	0	4	20	0	1	2.94
149	0	17745	9.783859065	NE  WEIDLER ST	1	3	1010.148292	0.191315964	-1.653828954	0	0	4	20	0	3	15.68
151	0	21771	9.988334088	NE  LOMBARD ST	0	2	1367.986294	0.259088313	-1.350586298	0.010309278	0	2	10	0	1	3.86
152	0	10409	9.250426096	NE  MARINE DR	0	2	2048.555291	0.387983957	-0.946791289	0	0	2	0	8	1	2.58
155	0	21558	9.978502256	NE  MARTIN LUTHER KING JR BLVD	0	4	1960.848273	0.371372779	-0.990548926	0.105485232	0	2	0	8	3	8.08
156	0	32259	10.38155235	NE  MARTIN LUTHER KING JR BLVD	0	4	1751.189732	0.331664722	-1.103630694	0.004848485	0	4	0	18	3	9.05
157	0	23379	10.05959346	NE  MARTIN LUTHER KING JR BLVD	1	4	1896.160329	0.359121274	-1.024095136	0	0	2	0	7	5	13.92
158	0	18129	9.805268145	NE  MARTIN LUTHER KING JR BLVD	0	5	1463.244669	0.277129672	-1.283269752	0.148760331	0	6	10	28	5	18.04
162	0	8727	9.074176947	NE  PRESCOTT ST	0	2	1137.882617	0.215508071	-1.534756916	0.04	0	6	10	28	2	9.28
163	0	9127	9.118992333	NE  PRESCOTT ST	0	2	1006.71331	0.1906654	-1.657235222	0	0	6	10	28	1	5.24
164	0	4020	8.299037182	NE  PRESCOTT ST	0	2	1494.29797	0.283010979	-1.262269586	0	0	6	10	28	1	3.53
165	0	4559	8.42485858	NE  PRESCOTT ST	0	2	1013.580016	0.191965912	-1.650437463	0	0	6	10	28	1	5.21
166	0	8118	9.001839097	NE  PRESCOTT ST	0	2	5031.499441	0.9529355	-0.048208059	0	0	6	10	28	1	1.05
167	0	1985	7.593374193	NE  REGENTS DR	0	2	1607.560178	0.304462155	-1.189208486	0	0	2	0	10	1	3.28
168	0	1561	7.353081921	NE  RIVERSIDE WAY	0	2	2688.495475	0.509184749	-0.674944363	0	0	2	0	10	1	1.96
170	0	735	6.599870499	NE  SACRAMENTO ST	0	2	4496.029639	0.851520765	-0.160731393	0	0	2	0	6	1	1.17
171	0	5155	8.547722396	NE  SAN RAFAEL ST	0	2	2626.940234	0.49752656	-0.698106338	0	0	2	0	6	1	2.01
172	0	20868	9.945972164	NE  SANDY BLVD	0	2	4304.290551	0.815206544	-0.20431377	0	0	2	0	6	2	2.45
173	0	18457	9.823198981	NE  SANDY BLVD	0	2	5533.636849	1.048037282	0.04691916	0	0	1	0	3	2	1.91
174	0	26453	10.18312485	NE  SANDY BLVD	0	2	5928.08549	1.122743464	0.115775212	0.003053435	0	4	0	24	4	3.56
175	0	10661	9.274347502	NE  SANDY BLVD	0	2	1727.614442	0.327199705	-1.117184576	0	0	4	0	24	1	3.06
178	0	2354	7.763871288	NE  SHAVER ST	0	2	2578.875532	0.488423396	-0.716572634	0	0	2	0	8	1	2.05
179	0	1013	6.920671504	NE  STANTON ST	0	2	1138.937404	0.215707842	-1.533830372	0	0	2	0	8	1	4.64
181	0	459	6.12905021	NE  SUNDERLAND AVE	0	2	1839.331908	0.348358316	-1.054523686	0	0	1	0	8	1	2.87
183	0	14883	9.607974901	NE  WEIDLER ST	0	2	2843.895493	0.538616571	-0.618751333	0	0	3	5	6	1	1.86
188	0	7950	8.980927208	NW  21ST AVE	0	2	3723.393491	0.705188161	-0.349290616	0	0	4	10	8	2	2.84
189	0	10781	9.285540605	NW  23RD AVE	0	2	3914.240194	0.74133337	-0.299304863	0	0	2	10	0	5	6.74
193	0	13467	9.507997527	NW  BRIDGE AVE	0	2	1185.503833	0.224527241	-1.493758238	0.017241379	0	6	0	22	1	4.45
194	0	13065	9.477692178	NW  BROADWAY	0	3	1282.758055	0.242946601	-1.414913608	0.003442341	0	4	5	13	5	20.58
197	0	8336	9.028338764	NW  EVERETT ST	1	2	1272.556282	0.241014447	-1.4228984	0.002369668	0	41	82	163	5	20.75
199	0	6228	8.736810533	NW  FRONT AVE	0	4	5797.304975	1.097974427	0.093467052	0	0	2	0	6	3	2.73
202	0	357	5.877735782	NW  MACLEAY BLVD	0	2	1231.311504	0.233202936	-1.455846233	0	0	1	0	2	1	4.29
203	0	641	6.463029457	NW  MACLEAY BLVD	0	2	1261.945443	0.239004819	-1.431271566	0	0	1	0	2	1	4.18
205	0	10708	9.278746405	NW  NAITO PKY	0	4	1469.458204	0.278306478	-1.279032334	0	0	1	0	2	1	3.59
207	0	5239	8.563885919	NW  NICOLAI ST	0	2	1172.711074	0.22210437	-1.504607872	0	0	6	5	20	1	4.50
210	0	26142	10.1712985	NW  ST. HELENS RD	0	2	4389.902156	0.831420863	-0.184619159	0	0	4	0	14	1	1.20
212	0	25662	10.15276658	NW  ST. HELENS RD	0	2	4917.529164	0.93135022	-0.071119896	0	0	4	0	14	1	1.07
213	0	2684	7.895063498	NW  THURMAN ST	0	2	2203.967631	0.417418112	-0.873666893	0	0	4	0	14	1	2.40
214	0	4310	8.368693183	NW  THURMAN ST	0	2	2315.818925	0.438602069	-0.824162726	0	0	4	0	14	1	2.28
215	0	3817	8.247220053	NW  THURMAN ST	0	2	1001.324497	0.189644791	-1.662602477	0	0	4	0	14	1	5.27
216	0	5538	8.619388704	NW  WESTOVER RD	0	2	1951.584545	0.369618285	-0.995284468	0	0	1	0	2	1	2.71
217	0	36366	10.50138955	NW  YEON AVE	0	2	3096.913693	0.586536684	-0.533520065	0	0	2	0	8	1	1.70
218	0	16789	9.728479189	NW  YEON AVE	0	2	1266.699511	0.23990521	-1.42751139	0	0	2	0	8	1	4.17
219	0	4920	8.501063809	SE  11TH AVE	1	2	1754.019916	0.332200742	-1.102015849	0	0	1	5	0	1	3.01
220	0	8203	9.01225522	SE  11TH AVE	1	2	1515.760218	0.287075799	-1.248008991	0	0	3	5	24	1	3.48
221	0	9462	9.155039056	SE  11TH AVE	1	2	2645.520924	0.501045629	-0.691058105	0.003021148	0	1	5	0	1	2.00
222	0	27705	10.22936818	SE  122ND AVE	0	4	1167.364763	0.221091811	-1.509177229	0	0	1	5	0	1	4.52
225	0	25083	10.1299456	SE  122ND AVE	0	5	4713.659054	0.892738457	-0.113461622	0	0	4	10	2	3	3.36
226	0	21247	9.963970988	SE  122ND AVE	0	5	3916.457157	0.741753249	-0.298738639	0	0	2	10	0	3	4.04
228	0	6054	8.70847449	SE  12TH AVE	1	2	1958.507961	0.370929538	-0.991743159	0	0	1	5	0	2	5.39
229	0	10931	9.299358068	SE  12TH AVE	1	2	1279.41912	0.242314227	-1.417519936	0	0	1	5	0	2	8.25
230	0	10147	9.224933374	SE  12TH AVE	1	2	2640.267448	0.500050653	-0.69304588	0	0	1	5	0	1	2.00
231	0	7531	8.926783114	SE  136TH AVE	0	2	5721.157977	1.083552647	0.080245131	0	0	1	5	0	1	0.92
232	0	7303	8.896040502	SE  13TH AVE	0	2	5458.717138	1.033847943	0.033287708	0	0	4	10	6	1	0.97
233	0	6049	8.707648248	SE  17TH AVE	0	2	7419.735545	1.405252944	0.340217318	0.056666667	0	5	20	2	1	0.71
234	0	16299	9.698859035	SE  17TH AVE	0	2	1864.277425	0.353082846	-1.041052559	0	0	4	20	0	1	2.83
235	0	5882	8.679652119	SE  26TH AVE	0	2	2147.130621	0.406653527	-0.899793742	0	0	4	20	0	1	2.46
236	0	6571	8.790421307	SE  26TH AVE	0	2	1645.031271	0.311558953	-1.166166704	0	0	4	20	0	1	3.21
237	0	9447	9.15345251	SE  28TH AVE	0	2	2189.764886	0.414728198	-0.880131918	0	0	4	20	0	1	2.41
238	0	1583	7.36707706	SE  28TH AVE	1	2	1073.58804	0.203331068	-1.592919751	0	0	4	20	0	1	4.92
240	0	9350	9.143131622	SE  28TH AVE	0	2	1520.414241	0.287957243	-1.244943273	0	0	4	20	0	1	3.47
243	0	5024	8.521981708	SE  45TH AVE	0	2	4238.431568	0.802733252	-0.21973281	0	0	3	15	0	1	1.25
245	0	12725	9.451323841	SE  52ND AVE	0	2	3069.690572	0.58138079	-0.542349332	0.008849558	0	3	10	3	2	3.44
246	0	10740	9.281730368	SE  52ND AVE	0	2	4536.023055	0.859095276	-0.151875449	0	0	2	10	0	2	2.33
247	0	10006	9.210940192	SE  60TH AVE	0	2	3081.208223	0.583562163	-0.538604298	0	0	4	10	18	3	5.14
248	0	10125	9.222762892	SE  60TH AVE	0	2	1159.632526	0.219627372	-1.515822931	0	0	2	10	0	1	4.55
250	0	7691	8.947806093	SE  7TH AVE	0	2	1278.459664	0.242132512	-1.418270132	0.003937008	0	1	0	12	1	4.13
251	0	7691	8.947806093	SE  7TH AVE	0	2	1560.29079	0.295509619	-1.21905389	0	0	1	0	12	1	3.38
252	0	29261	10.28401085	SE  FOSTER RD	0	5	1089.897603	0.206420001	-1.577842348	0	0	2	10	0	1	4.84
255	0	17195	9.752373923	SE  BELMONT ST	0	2	4818.972722	0.912684228	-0.091365321	0	0	1	0	9	3	3.29
256	0	12923	9.466763949	SE  BELMONT ST	0	2	2377.848153	0.450350029	-0.797730157	0	0	1	0	9	1	2.22
257	0	8670	9.06762407	SE  BELMONT ST	0	2	2196.711077	0.416043765	-0.876964821	0	0	1	0	9	1	2.40
258	0	5774	8.66112036	SE  BELMONT ST	0	2	1581.002178	0.299432231	-1.205867162	0	0	2	0	18	1	3.34
259	0	6252	8.740656692	SE  BELMONT ST	0	2	2703.239369	0.511977153	-0.669475277	0	0	2	0	18	1	1.95
260	0	14064	9.55137362	SE  BELMONT ST	1	3	1793.869363	0.339747985	-1.079551156	0.002314815	0	3	10	9	3	8.83
261	0	12511	9.434363536	SE  BYBEE BLVD	0	2	2052.06013	0.388647752	-0.945081868	0.028806584	0	3	10	2	2	5.15
262	0	12669	9.446913344	SE  CESAR E CHAVEZ BLVD	0	2	1296.562991	0.245561172	-1.404209188	0	0	4	10	6	2	8.14
264	0	24037	10.08734959	SE  CESAR E CHAVEZ BLVD	0	4	1819.338287	0.344571645	-1.065453241	0	0	6	10	12	2	5.80
265	0	20028	9.904886573	SE  CESAR E CHAVEZ BLVD	0	4	1850.741256	0.350519177	-1.04833986	0	0	4	10	6	1	2.85
266	0	2841	7.951911382	SE  CLINTON ST	0	2	1238.068113	0.234482597	-1.450373907	0	0	4	10	6	1	4.26
267	0	14067	9.551586908	SE  DIVISION ST	0	2	1274.319844	0.241348455	-1.421513517	0	0	4	10	6	2	8.29
268	0	14771	9.600421078	SE  DIVISION ST	0	2	4855.952242	0.919687925	-0.083720879	0	0	4	10	24	3	3.26
269	0	12503	9.433723894	SE  DIVISION ST	0	2	1559.957467	0.29544649	-1.219267542	0	0	2	10	0	4	13.54
270	0	14240	9.563810185	SE  DIVISION ST	0	2	3774.367781	0.714842383	-0.335693204	0	0	2	10	0	2	2.80
271	0	18025	9.799514962	SE  DIVISION ST	0	2	2231.162527	0.42256866	-0.861403336	0	0	2	10	0	2	4.73
272	0	43174	10.67299374	SE  DIVISION ST	0	4	3568.066617	0.675770193	-0.391902213	0	0	2	10	0	1	1.48
273	0	40709	10.61420448	SE  DIVISION ST	0	4	1482.589307	0.280793429	-1.270136007	0	0	2	10	0	1	3.56
274	0	39890	10.59388094	SE  DIVISION ST	0	4	1230.846336	0.233114836	-1.456224087	0	0	2	10	0	1	4.29
275	0	41805	10.64077123	SE  DIVISION ST	0	4	1411.38383	0.267307544	-1.319355435	0	0	2	10	0	1	3.74
276	0	28442	10.2556222	SE  DIVISION ST	0	4	1956.928505	0.370630399	-0.992549943	0	0	2	10	0	1	2.70
277	0	33660	10.42406547	SE  DIVISION ST	0	4	2562.336283	0.485290963	-0.723006645	0	0	2	10	0	1	2.06
278	0	24051	10.08793185	SE  DIVISION ST	0	4	2345.357776	0.444196548	-0.811488138	0	0	2	10	0	1	2.25
279	0	29678	10.29816131	SE  DIVISION ST	0	4	1815.219389	0.343791551	-1.067719762	0	0	2	10	0	1	2.91
280	0	36212	10.49714583	SE  DIVISION ST	0	5	1035.682706	0.196152028	-1.628865269	0	0	2	10	0	1	5.10
284	0	4707	8.456806041	SE  DUKE ST	0	2	1937.927914	0.367031802	-1.002306781	0	0	2	10	0	2	5.45
285	0	2321	7.749753406	SE  ELLIS ST	0	2	2193.383659	0.415413572	-0.878480696	0	0	2	10	0	2	4.81
287	0	4595	8.432724035	SE  FLAVEL ST	0	2	3276.793878	0.620604901	-0.47706063	0	0	2	10	0	2	3.22
288	0	6376	8.76029622	SE  FLAVEL ST	0	2	1978.828775	0.374778177	-0.981420956	0	0	2	10	0	1	2.67
289	0	7346	8.901911226	SE  FLAVEL ST	0	2	2008.349459	0.380369216	-0.966612877	0	0	2	10	0	1	2.63
290	0	23608	10.06934092	SE  FOSTER RD	0	3	1087.824578	0.206027382	-1.579746196	0	0	2	10	0	1	4.85
291	0	21171	9.9603876	SE  FOSTER RD	0	3	1560.439333	0.295537752	-1.218958692	0	0	2	10	0	2	6.77
293	0	20862	9.945684601	SE  GRAND AVE	1	4	2080.597153	0.394052491	-0.931271152	0.002164502	0	2	0	13	4	10.15
294	0	33044	10.40559529	SE  GRAND AVE	1	4	2337.624146	0.442731846	-0.814791006	0.007984032	0	7	5	37	6	13.55
295	0	2121	7.659642955	SE  HARNEY DR	0	2	1602.192905	0.303445626	-1.192552841	0	0	1	5	0	6	19.77
297	0	4692	8.45361421	SE  HAROLD ST	0	2	6491.561842	1.22946247	0.206577058	0	0	1	5	0	6	4.88
298	0	1768	7.477604243	SE  HAROLD ST	0	2	7388.997818	1.399431405	0.336066015	0	0	1	5	0	1	0.71
299	0	13529	9.512590809	SE  HOLGATE BLVD	0	2	2134.540412	0.404269017	-0.905674738	0.355371901	0	1	5	0	1	2.47
300	0	12808	9.457825255	SE  HOLGATE BLVD	0	2	1708.378498	0.323556534	-1.128381424	0	0	1	5	0	1	3.09
301	0	6608	8.796036315	SE  HOLGATE BLVD	0	2	3705.116938	0.701726693	-0.354211277	0	0	1	5	0	1	1.43
302	0	15631	9.657011401	SE  HOLGATE BLVD	0	2	3114.573745	0.589881391	-0.527833794	0	0	1	5	0	1	1.70
303	0	12112	9.401951976	SE  HOLGATE BLVD	0	2	5821.948574	1.102641775	0.097708915	0	0	2	10	0	2	1.81
304	0	10174	9.227590725	SE  HOLGATE BLVD	0	2	2656.307975	0.503088632	-0.686988918	0	0	2	10	0	1	1.99
305	0	11908	9.384965722	SE  HOLGATE BLVD	0	2	1552.33636	0.294003099	-1.224164972	0	0	2	10	0	1	3.40
306	0	12642	9.444779883	SE  JOHNSON CREEK BLVD	0	2	1117.442269	0.211636793	-1.552883712	0	0	2	10	0	1	4.73
307	0	2183	7.688455357	SE  LADD AVE	0	2	1531.171429	0.289994589	-1.237893015	0	0	2	10	0	1	3.45
308	0	1868	7.532623619	SE  LADD AVE	0	2	1560.836419	0.295612958	-1.218704254	0	0	2	10	0	1	3.38
309	0	2934	7.984121959	SE  LINCOLN ST	0	2	1952.456567	0.369783441	-0.99483774	0	0	2	10	0	1	2.70
310	0	1483	7.301822342	SE  LINN ST	0	2	1494.067408	0.282967312	-1.262423893	0	0	2	10	0	1	3.53
312	0	28706	10.26486144	SE  MARTIN LUTHER KING JR BLVD	1	4	4162.583627	0.788368111	-0.237790152	0.001972387	0	14	10	68	7	8.88
313	0	53588	10.88908044	SE  MCLOUGHLIN BLVD	0	2	8928.900579	1.691079655	0.525367174	0.327821012	0	12	30	18	4	2.37
318	0	11193	9.323043862	SE  MILWAUKIE AVE	0	2	5098.845212	0.965690381	-0.034912013	0	0	4	10	4	2	2.07
319	0	1667	7.418780883	SE  MORRISON ST	0	2	1479.54144	0.280216182	-1.272193895	0	0	1	0	9	1	3.57
320	0	9970	9.207335863	SE  MORRISON ST	1	2	2321.295177	0.439639238	-0.821800802	0	0	3	10	9	2	4.55
321	0	13648	9.52134827	SE  MORRISON ST	0	4	1130.691181	0.214146057	-1.541096987	0	0	3	10	9	1	4.67
322	0	3985	8.290292591	SE  MT. SCOTT BLVD	0	2	2951.361688	0.558970017	-0.581659445	0	0	3	10	9	1	1.79
323	0	59349	10.99119055	SE  POWELL BLVD	0	2	1592.042793	0.301523256	-1.19890813	0.007130125	0	2	0	6	1	3.32
324	0	9536	9.162829389	SE  STARK ST	1	2	1323.06583	0.25058065	-1.383974455	0	0	1	0	9	1	3.99
325	0	13456	9.507180382	SE  STARK ST	1	2	2288.13255	0.433358438	-0.836190093	0	0	1	0	9	1	2.31
326	0	32337	10.38396736	SE  STARK ST	0	4	1716.832484	0.325157667	-1.123445084	0	0	1	0	9	1	3.08
327	0	25879	10.16118711	SE  STARK ST	0	4	2318.798432	0.43916637	-0.822876963	0.007246377	0	2	0	10	1	2.28
328	0	27391	10.21796977	SE  STARK ST	0	4	5285.323715	1.001008279	0.001007771	0.004651163	0	2	0	10	2	2.00
329	0	19659	9.886290528	SE  STARK ST	1	4	1113.869036	0.210960045	-1.556086525	0	0	3	0	19	3	14.22
330	0	31919	10.37095672	SE  STARK ST	0	5	2884.073887	0.546226115	-0.604722259	0	0	2	10	0	2	3.66
331	0	24041	10.08751599	SE  STARK ST	0	5	1327.344473	0.251390999	-1.380745789	0	0	2	0	10	1	3.98
332	0	7884	8.972590668	SE  STEELE ST	0	2	3760.696335	0.712253094	-0.339321962	0	0	2	0	10	1	1.40
333	0	6199	8.732143268	SE  STEELE ST	0	2	3525.114948	0.667635407	-0.404013053	0.00591716	0	2	0	10	1	1.50
334	0	29460	10.29078869	SE  TACOMA ST	0	2	1063.26688	0.201376303	-1.602579967	0	0	4	0	10	1	4.97
335	0	15336	9.637958285	SE  TACOMA ST	0	2	1294.298629	0.245132316	-1.405957149	0	0	4	0	10	1	4.08
336	0	24435	10.10377181	SE  TACOMA ST	0	4	1002.249887	0.189820054	-1.661678738	0	0	2	10	0	1	5.27
337	0	12483	9.432122998	SE  WASHINGTON ST	1	2	2898.103033	0.54888315	-0.599869701	0	0	2	0	18	2	3.64
338	0	10217	9.231808279	SE  WASHINGTON ST	1	2	1379.817583	0.261329088	-1.341974794	0	0	2	0	18	1	3.83
339	0	21082	9.956174875	SE  WASHINGTON ST	1	4	1067.984069	0.20226971	-1.598153274	0	0	6	0	30	4	19.78
340	0	7412	8.910855587	SE  WOODSTOCK BLVD	0	2	2818.835113	0.533870287	-0.627602379	0	0	6	0	30	4	7.49
341	0	14450	9.578449694	SE  WOODSTOCK BLVD	0	2	1589.18786	0.300982549	-1.200702992	0	0	6	0	30	1	3.32
342	0	19015	9.85298342	SE  WOODSTOCK BLVD	0	2	1127.1388	0.213473258	-1.544243711	0	0	2	0	6	1	4.68
348	0	5214	8.559102594	SW  1ST AVE	0	2	1019.923047	0.193167244	-1.644198917	0.011904762	0	4	0	8	1	5.18
349	0	2259	7.722677516	SW  35TH AVE	0	2	2147.383915	0.406701499	-0.89967578	0	0	2	0	6	1	2.46
350	0	2781	7.930565854	SW  35TH DR	0	2	1222.74425	0.23158035	-1.46282838	0	0	2	0	2	1	4.32
351	0	3571	8.180600948	SW  45TH AVE	0	2	2748.713117	0.520589605	-0.652793253	0	0	2	0	2	1	1.92
352	0	8185	9.01005849	SW  45TH AVE	0	2	2934.149555	0.555710143	-0.587508446	0	0	2	0	2	1	1.80
354	0	1184	7.076653815	SW  52ND AVE	0	2	1237.879284	0.234446834	-1.450526437	0	0	2	0	2	1	4.27
356	0	27778	10.23199962	SW  BEAVERTON HILLSDALE HWY	0	4	1483.81631	0.281025816	-1.269308741	0	0	2	0	2	1	3.56
358	0	21403	9.971286378	SW  BEAVERTON HILLSDALE HWY	0	4	1918.823481	0.363413538	-1.01221387	0	0	8	0	30	1	2.75
359	0	24396	10.10217446	SW  BEAVERTON HILLSDALE HWY	0	4	1238.489261	0.23456236	-1.450033798	0	0	8	0	30	1	4.26
361	0	23114	10.04819377	SW  BEAVERTON HILLSDALE HWY	0	5	1498.876795	0.283878181	-1.259210074	0	0	8	0	30	1	3.52
362	0	16180	9.691531191	SW  BERTHA BLVD	0	3	3012.984263	0.570640959	-0.560995061	0.018867925	0	2	0	2	2	3.50
363	0	9442	9.152923101	SW  BOONE’S FERRY RD	0	2	7506.947929	1.421770441	0.351902885	0	0	2	0	2	2	1.41
364	0	8999	9.104868739	SW  BOONE’S FERRY RD	0	2	2337.405954	0.442690522	-0.81488435	0	0	2	0	2	2	4.52
365	0	12739	9.452423433	SW  BROADWAY	1	2	1281.371844	0.242684061	-1.415994841	0.005181347	0	2	0	8	6	24.72
366	0	22685	10.02945919	SW  MACADAM AVE	0	2	4739.1577	0.897567746	-0.108066678	0.028571429	0	4	10	6	6	6.68
367	0	2169	7.682021511	SW  GREENWAY AVE	0	2	1500.141796	0.284117764	-1.258366464	0	0	4	0	16	6	21.12
368	0	2578	7.854769183	SW  CAMERON RD	0	2	2064.285733	0.390963207	-0.939141823	0	0	4	0	16	6	15.35
369	0	2807	7.939871576	SW  CAMERON RD	0	2	1049.278113	0.198726915	-1.615823682	0	0	4	0	16	6	30.19
370	0	1011	6.918695219	SW  CANYON CT	0	2	2830.370209	0.536054964	-0.623518579	0.905236908	1	1	0	2	6	11.19
372	0	7722	8.951828677	SW  CAPITOL HWY	0	2	1380.115696	0.261385549	-1.341758764	0	0	4	0	6	6	22.95
373	0	24974	10.12559056	SW  CAPITOL HWY	0	2	1200.863691	0.227436305	-1.480885057	0	0	6	0	12	3	13.19
374	0	12836	9.460009002	SW  CAPITOL HWY	0	2	1888.326298	0.357637556	-1.028235217	0	0	6	0	12	1	2.80
375	0	10032	9.213535263	SW  CAPITOL HWY	0	2	2457.154629	0.465370195	-0.764922072	0	0	4	0	6	1	2.15
376	0	9155	9.122055457	SW  CAPITOL HWY	0	2	4472.144692	0.846997101	-0.166058007	0	0	4	0	6	1	1.18
377	0	2482	7.816819966	SW  CAPITOL HWY	0	2	3150.583556	0.596701431	-0.516338406	0	0	4	0	6	1	1.68
378	0	16548	9.714020528	SW  CAPITOL HWY	0	4	3687.326563	0.698357304	-0.359024411	0.039325843	0	2	0	2	3	4.30
379	0	4525	8.417372856	SW  CORBETT AVE	0	2	2325.063635	0.440352961	-0.820178689	0.097826087	0	4	0	8	3	6.81
380	0	4095	8.317521996	SW  CORBETT AVE	0	2	4205.269549	0.796452566	-0.227587704	0.158415842	0	4	0	8	3	3.77
381	0	2229	7.709308333	SW  COUNCIL CREST DR	0	2	1980.43669	0.375082707	-0.980608727	0	0	4	0	16	3	8.00
383	0	4512	8.414495793	SW  DOSCH RD	0	2	1584.810096	0.300153427	-1.203461511	0	0	4	0	16	3	9.99
386	0	2808	7.940227765	SW  GAINES ST	0	2	2275.152203	0.430900038	-0.841879145	0	0	9	0	26	3	6.96
387	0	4296	8.365439636	SW  GARDEN HOME RD	0	2	8681.460231	1.644215953	0.497263646	0	0	2	0	6	3	1.82
388	0	3695	8.214735833	SW  GARDEN HOME RD	0	2	1156.507861	0.21903558	-1.518521097	0	0	2	0	6	3	13.70
391	0	2414	7.789040402	SW  HAMILTON ST	0	2	4769.389893	0.90329354	-0.101707706	0	0	2	0	2	3	3.32
392	0	18378	9.818909576	SW  HARBOR DR (NB)	0	3	1875.761656	0.355257889	-1.034911304	0.020725389	0	2	0	14	2	5.63
394	0	5948	8.690810308	SW  HUBER ST	0	2	2286.96856	0.433137985	-0.83669893	0	0	2	0	2	2	4.62
396	0	5866	8.67692825	SW  LESSER RD	0	2	2547.090939	0.482403587	-0.728974198	0	0	2	0	6	2	4.15
397	0	30796	10.33514009	SW  MACADAM AVE	0	2	4249.529405	0.804835115	-0.217117849	0.289205703	0	4	10	6	4	4.97
398	0	29499	10.29211164	SW  MACADAM AVE	0	2	4511.399766	0.854431774	-0.157318623	0.02184466	0	6	10	12	3	3.51
399	0	15075	9.620793022	SW  MACADAM AVE	1	2	1117.801155	0.211704764	-1.552562597	0.005434783	0	6	10	12	1	4.72
400	0	35437	10.47551175	SW  MACADAM AVE	0	2	2953.145163	0.559307796	-0.581055338	0.042207792	0	8	10	16	1	1.79
401	0	3515	8.164794804	SW  MOODY AVE	0	2	2913.579323	0.551814266	-0.594543764	0.090909091	0	2	0	6	4	7.25
403	0	19164	9.860788798	SW  MULTNOMAH BLVD	0	3	1641.40568	0.310872288	-1.168373101	0	0	1	0	3	2	6.43
404	0	32430	10.3868392	SW  NAITO PKY	0	2	2020.252203	0.382623523	-0.960703741	0.02559415	0	14	5	55	5	13.07
405	0	17981	9.797070924	SW  NAITO PKY	0	2	1005.17976	0.190374955	-1.658759707	0	0	14	5	55	4	21.01
406	0	3301	8.101980732	SW  PALATINE HILL RD	0	2	2055.040052	0.389212131	-0.94363076	0	0	2	0	2	4	10.28
409	0	4349	8.377701213	SW  PALATINE HILL RD	0	2	1162.86857	0.22024026	-1.51303624	0	0	2	0	2	1	4.54
410	0	9087	9.1146001	SW  PATTON RD	0	2	1087.679559	0.205999916	-1.579879516	0	0	3	0	12	1	4.85
416	0	8503	9.048174321	SW  SALMON ST	0	2	1013.23759	0.191901059	-1.650775359	0	0	4	0	10	1	5.21
417	0	5681	8.644882553	SW  SHATTUCK RD	0	2	1145.41089	0.216933881	-1.528162669	0	0	4	0	10	1	4.61
418	0	3617	8.193400232	SW  SHATTUCK RD	0	2	2399.447126	0.454440744	-0.788687751	0	0	4	0	10	1	2.20
419	0	6329	8.752897525	SW  SPRING GARDEN ST	0	2	1375.689953	0.26054734	-1.344970709	0	0	5	0	7	1	3.84
420	0	1723	7.451822237	SW  SUNSET BLVD	0	2	2027.573079	0.384010053	-0.957086548	0	0	5	0	7	1	2.60
421	0	2343	7.759187439	SW  SUNSET BLVD	0	2	1204.20322	0.228068792	-1.478107977	0	0	2	0	2	1	4.38
422	0	3824	8.249052274	SW  SUNSET BLVD	0	2	2614.631453	0.495195351	-0.702802946	0	0	2	0	2	1	2.02
423	0	4034	8.302513719	SW  TAYLORS FERRY RD	0	2	3249.039008	0.615348297	-0.485566835	0	0	2	0	2	1	1.63
425	0	5984	8.69684452	SW  TAYLORS FERRY RD	0	2	1996.813199	0.378184318	-0.972373588	0	0	2	0	2	1	2.64
426	0	6969	8.849227021	SW  TAYLORS FERRY RD	0	2	1638.67701	0.310355494	-1.170036883	0	0	2	0	2	1	3.22
427	0	8893	9.093019729	SW  TAYLORS FERRY RD	0	2	3952.808642	0.748638	-0.289499723	0	0	2	0	2	1	1.34
428	0	9172	9.123910644	SW  TERWILLIGER BLVD	0	2	2534.686989	0.480054354	-0.733855944	0	0	7	0	20	1	2.08
429	0	6501	8.77971129	SW  TERWILLIGER BLVD	0	2	3592.95478	0.68048386	-0.384951175	0	0	2	0	4	1	1.47
430	0	7666	8.944550246	SW  TERWILLIGER BLVD	0	2	6529.535055	1.236654366	0.212409642	0	0	6	0	16	1	0.81
431	0	25338	10.14006052	SW  TERWILLIGER BLVD	0	2	1333.241639	0.252507886	-1.376312799	0	0	8	0	10	1	3.96
432	0	16478	9.709781437	SW  TERWILLIGER BLVD	0	2	2566.309173	0.486043404	-0.721457351	0	0	3	0	3	1	2.06
433	0	8920	9.096051226	SW  TERWILLIGER BLVD	0	2	3957.530244	0.749532243	-0.288305943	0	0	7	0	22	1	1.33
434	0	22360	10.01502893	SW  TERWILLIGER BLVD	0	3	1232.719392	0.233469582	-1.454703481	0	0	2	0	2	2	8.57
436	0	2796	7.935945103	SW  TROY ST	0	2	1350.742539	0.255822451	-1.363271627	0	0	5	0	12	1	3.91
438	0	8320	9.026417534	SW  VERMONT ST	0	2	4709.13941	0.891882464	-0.114420922	0	0	9	0	26	1	1.12
439	0	10023	9.212637731	SW  VERMONT ST	0	2	3412.916731	0.646385745	-0.436358826	0	0	2	0	6	1	1.55
440	0	5717	8.651199471	SW  VERMONT ST	0	2	1166.79266	0.220983458	-1.509667429	0	0	2	0	6	1	4.53
441	0	2872	7.96276393	SW  VERMONT ST	0	2	1432.392544	0.271286467	-1.304579944	0	0	2	0	6	1	3.69
442	0	1377	7.227662499	SW  VIRGINIA AVE	0	2	2904.455768	0.55008632	-0.597680068	0	0	2	0	2	1	1.82
443	0	7618	8.938269147	SW  VISTA AVE	0	2	1788.506883	0.338732364	-1.08254497	0	0	1	0	4	1	2.95
444	0	8281	9.021719013	SW  VISTA AVE	0	2	3561.496962	0.67452594	-0.393745146	0.069097889	0	2	0	8	1	1.48
445	0	20016	9.904287233	W  BURNSIDE RD	0	2	2334.525235	0.442144931	-0.816117553	0	0	2	0	10	1	2.26
446	0	15371	9.640237896	W  BURNSIDE RD	0	2	2919.549915	0.55294506	-0.592496632	0	0	2	0	10	1	1.81
447	0	20110	9.908972483	W  BURNSIDE RD	0	3	2572.125333	0.487144949	-0.719193563	0	0	2	0	10	1	2.05
448	0	21345	9.968572799	W  BURNSIDE ST	0	3	1712.62725	0.324361222	-1.125897503	0	0	2	0	10	1	3.08
449	0	24188	10.09361192	W  BURNSIDE ST	0	4	2328.760019	0.441053034	-0.818590152	0	0	8	0	34	4	9.07
t1	1	19967	9.90183619	NE_Sandy_1	0	4	14505.39	2.747232955	1.010594207	0	0	9	54	3	15	5.46
t2	1	22411	10.01730719	NE_Sandy_2	0	4	7417.35	1.404801136	0.339895753	0	0	4	15	3	9	6.41
t3	1	28866	10.27041971	E_Burnside	1	3	1241.92	0.235212121	-1.447267529	0	0	2	12	0	6	25.51
t4	1	28302	10.25068775	NE_SE_82	0	4	33557.89	6.355660985	1.849345909	0	0	14	89	0	26	4.09
t5	1	9613	9.170871628	NE_Alberta	0	2	2676.78	0.506965909	-0.679311518	0	0	2	16	0	3	5.92
t6	1	22009	9.99920674	SE_Powell_1	0	2	15490.44	2.933795455	1.076296962	0	0	2	10	0	7	2.39
t7	1	29359	10.28735442	SE_Powell_2	0	4	10331.12	1.956651515	0.671234602	1	1	2	10	0	7	3.58
t8	1	43621	10.68329396	SE_Powell_3	0	4	11253.67	2.131376894	0.7567682	0	0	10	44	12	10	4.69
t9	1	17192	9.752199438	NE_Broadway	1	3	4092.1	0.775018939	-0.254867812	0	0	3	18	0	9	11.61
t10	1	16753	9.726332626	NE_Weidler	1	3	3207.22	0.60742803	-0.498521579	0	0	3	13	0	8	13.17
t11	1	17969	9.79640333	SE_Hawthorne_1	0	4	4287.21	0.811971591	-0.208289926	0	0	2	24	0	7	8.62
t12	1	13384	9.501815243	SE_Hawthorne_2	0	2	2208.35	0.418248106	-0.871680467	0	0	2	24	0	3	7.17
t13	1	21782	9.98883922	SE_Foster	0	4	9059.22	1.715761364	0.539856926	0	0	4	40	0	8	4.66
